01232
28787
13607
24004
27582
17762
50217
33110
00098
46857
27539
33017
00664
13047
07723
00934
15921
28541
36862
30751
06295
02997
39506
58028
03637
10808
57390
01360
36218
37297
55921
19414
37217
07655
32612
43943
10440
47342
48688
29378
07417
26348
29958
01028
01756
19285
03194
56292
08926
37666
27118
33319
04042
16571
32284
09861
58963
40712
02785
37168
22385
11477
21261
32915
32906
32842
34142
11148
10569
28136
10094
54957
56683
41428
47755
03697
36204
47359
29990
10899
06562
01326
55690
03664
12816
03171
10238
06072
13427
19594
32675
15502
31785
14820
21077
29004
55452
01066
16399
45145
14510
27856
50923
24809
31519
40620
25092
05778
37209
13084
21301
01887
14873
03618
11633
43001
07082
36765
45173
53932
43754
14833
23015
20899
54190
37720
57132
38028
21778
11246
00179
56248
52999
43688
06924
03341
01133
16178
57756
05600
46070
07117
30216
45213
41048
35533
08506
25992
04459
54392
33786
03566
33956
42376
59404
09508
11628
07372
46523
56784
40992
53507
25889
54121
34555
01375
28259
40073
57021
45298
09246
18192
11204
27993
02539
50983
36948
26660
00223
05624
28145
49601
05315
06406
24736
20922
56383
20830
01081
04543
28306
07176
05352
39788
18433
42298
35296
54631
47037
36109
08734
12322
39906
03316
50214
34396
16296
49288
19421
26358
50802
57099
41817
26683
07074
27366
02687
13751
00443
54823
32387
29534
33560
46813
09078
41339
20058
52466
32216
19922
19858
59209
58718
09100
59963
47616
30720
11806
12037
45754
28041
11723
26267
04647
19063
19891
57536
58315
50858
06888
02957
07091
31407
09891
50186
20892
40987
00983
39898
23924
23060
17055
43854
54693
50767
42781
25489
45962
51492
30321
01020
05107
55036
18409
45494
20467
41558
13305
01177
03674
37014
46238
42679
52302
09725
50107
29819
02340
42982
20440
24447
56337
10427
27268
51437
37868
30602
04140
13126
52865
13339
50743
02679
40681
19087
55986
49659
52898
13326
16275
41110
43440
02209
25579
19167
13024
42625
45187
01590
26926
41569
37511
42225
28228
59154
56731
53036
10397
41829
30051
38643
39380
52410
38571
31263
14204
02423
00930
34290
39047
44822
59894
09687
08828
52843
20293
19207
52900
16754
06639
09089
18227
14944
13259
34204
58170
48540
18070
32633
57506
03358
50706
52774
54247
55850
17321
11642
29073
11787
06127
45596
47851
57592
48267
30999
19910
04644
14080
20977
13460
58878
18602
58094
49177
10843
12829
54401
25488
44893
55135
41427
25712
47749
01813
30027
26553
24493
27903
47218
25850
14657
17849
32765
26924
23702
49738
06616
44032
40596
23228
31124
33223
56593
49340
23227
00944
49236
53645
07070
21508
17118
31043
49299
50271
53165
20123
04157
30616
21513
59405
40562
05153
19286
39731
19037
07548
52151
35200
20677
04243
29796
25292
03303
49198
41618
02720
06201
45054
32658
42685
52664
53101
47265
05898
29366
16322
07018
18848
59870
08335
48304
18942
49232
14846
29450
28900
58130
23478
49300
32223
48917
20515
48885
20424
58374
07064
33229
58675
00548
24496
40871
10515
44138
05353
13564
54267
08935
47038
47914
30248
21807
14676
41217
52826
11344
20077
46485
21234
30021
26174
14871
41016
12888
44281
15792
30252
18676
49181
25145
23822
38172
42683
23974
44975
16713
38535
32553
39242
56420
18468
59351
28856
56249
28495
27837
16441
44837
18684
16568
43503
20309
36475
08237
46422
53948
36878
05176
21078
56012
32531
48774
38472
27904
00350
37199
03454
19171
03821
29382
12352
36317
44143
55495
44546
28863
46655
31343
55528
56548
26770
02960
17903
09173
49648
38361
13010
35033
49903
11206
06651
55906
34121
14322
35237
17511
17958
30544
18043
31350
06909
32533
15645
14425
37180
08083
12644
33450
19092
55149
04994
34898
31532
42097
17714
04889
05262
00578
53321
43899
07915
54302
25379
22105
28083
03281
59455
51172
24737
21876
30143
24370
09846
01168
23491
52528
40940
43318
44312
43967
59292
02047
25984
48948
00773
36471
01469
01468
11137
32757
01717
23521
53112
11312
35339
33925
37978
50058
58708
14634
45776
21868
56850
39928
16298
21622
33664
31457
40610
04166
37165
55441
49780
48904
03893
05392
29190
34594
00769
44644
50033
57655
46609
49481
37474
34268
03418
11729
57323
09900
18659
09120
38416
11490
15813
21392
45753
05485
34973
34445
12269
31189
19615
46209
15182
00314
25782
12959
10495
19272
26406
42772
21887
20370
36673
05147
57316
44902
33178
54676
54295
04006
54554
33456
57012
49126
06741
34201
33478
38329
45438
38688
29734
52821
10934
51661
27811
04475
49647
41967
50166
25743
30517
48616
13950
26328
57614
25005
12566
06883
24577
57537
07119
40588
21130
10275
37001
42107
23378
27999
22831
02175
18604
22355
49335
55204
51770
36029
09701
25077
56362
13552
45601
02637
14280
19773
45312
35809
17745
26294
29458
22042
23317
01966
51853
36525
33651
46963
11965
24139
38029
30888
41231
12868
06411
00766
08912
03292
50583
40516
20982
04105
57437
26133
29270
15163
30233
43097
41337
21070
49685
31245
55617
16515
32098
15173
10500
08246
29608
54825
19680
39032
59513
27530
43658
06899
21974
07816
34110
46400
40091
06717
30364
37506
35463
44947
20631
00161
04311
33998
24711
39087
24855
59120
46265
01890
07323
18956
12090
25063
35167
09569
50071
57214
16951
25903
12515
09351
07782
13600
00415
26715
22000
01050
49155
33733
13602
12129
09213
38075
19225
26464
55773
43625
25368
44861
02935
07632
18149
25289
19486
58736
05117
51896
19779
56419
14348
07648
45504
53283
48450
15208
57277
17126
28484
21591
41972
17348
29446
03617
16420
26283
47213
31941
23891
26396
43008
57682
58081
27466
25385
53659
18943
25869
24655
38512
18450
57322
10302
53131
17976
59916
10768
32365
28577
59472
39522
42550
25252
03480
53091
12553
49641
04303
33666
13795
00717
42888
46797
41127
09785
36006
03265
53676
42436
55839
12706
38895
25021
43310
42355
57912
49302
01962
56610
24176
39206
54809
46889
21393
48685
33454
13007
20590
15144
16843
42411
48282
27161
04570
26337
26236
55905
35825
35487
25631
35562
36546
17161
30545
54671
04471
09282
18669
37977
52150
01509
33619
25751
56741
54292
58625
01968
20938
35036
22687
27324
55569
26102
07236
49927
03996
30942
12845
26077
16499
11833
11574
56245
27963
43893
24403
58738
36582
45239
48438
10232
53250
20585
37278
45852
22122
05100
29244
59779
15672
34040
29422
58204
21682
25480
25647
42855
39366
09174
13447
09457
58702
42164
12924
30059
38123
22136
36300
42255
11739
51370
11565
22644
17090
14299
43682
44123
17793
35226
56034
52808
00072
50568
42320
56342
54885
35666
37143
46524
23949
47962
58238
03837
00726
38637
38666
31969
26016
28368
25827
20893
18617
01607
51690
01371
53309
18661
32959
42695
31267
20139
12056
12338
54071
16345
49587
35258
18417
44817
07037
47532
03097
22291
59540
09688
50783
25997
01022
27062
40740
49751
30162
10615
52091
02993
38393
56774
56450
06620
50700
06526
52330
36197
56181
39271
08251
43153
42351
04521
32699
18110
54192
57557
03715
08331
19264
31285
47568
25397
29712
18115
13077
59083
05815
41749
50371
24918
48320
04864
48348
44434
06714
15094
53747
39482
23778
54469
31413
27427
39837
57491
27778
58893
28565
01236
33358
16766
34441
27922
49084
34765
15384
50734
40396
47518
36999
03285
25898
10112
36134
04877
25105
26600
40153
36801
10929
06927
40970
10355
44403
38365
43960
18003
16212
58102
25351
15990
32680
16773
08887
24157
28361
53188
56715
16236
37710
08853
04351
42241
23372
37900
18238
48276
50262
46874
29186
33200
57920
00041
42054
37384
56734
07681
14466
19239
28475
34388
18282
11933
06862
41953
06416
31336
12831
35543
33013
53842
46808
27058
20391
32690
57664
13491
50908
47522
35706
20414
46347
30647
44836
11941
30878
10398
39952
06040
04693
27740
37803
37332
26879
25253
43794
15940
13896
35313
50228
11980
56795
17543
58447
30344
00980
20369
03327
16817
47891
11660
31374
45075
44610
45691
03520
03134
06994
08082
25306
16035
02221
05027
38844
46263
47658
37245
26140
02341
06925
34949
46327
50070
36153
36556
20555
49050
59879
43951
05159
16259
00755
58518
55567
20211
16511
14637
30253
47638
19496
22749
42521
44867
45678
17556
04448
22897
31462
11571
22332
54925
31126
56250
27866
32532
09870
15128
34188
16241
58364
02829
59013
22063
06450
09795
31821
54199
52022
30475
04008
54717
10305
06088
49967
41981
23879
39399
11481
44096
42344
08151
01018
29405
45336
26560
48386
57744
13792
21624
14522
06196
05286
57830
24607
40058
45827
42942
49217
47066
10140
40842
51082
16234
09561
03856
49787
47478
32930
59372
38798
27978
46543
52588
57463
37222
12505
44057
33802
23225
27360
25621
38967
06632
33193
01378
48799
57583
32144
14456
45362
39134
07411
45115
56561
41548
52114
54309
37200
04114
58056
39509
00586
06849
14738
43505
15583
35851
41358
00336
48585
31579
05833
17485
45633
15387
34882
01649
25695
24230
49736
07606
31890
58399
55303
57858
10160
42452
14849
06035
37925
17989
54655
51334
04869
01527
28819
16451
52716
55884
55828
03989
02217
13540
18098
16175
13656
01678
22004
52995
22254
50391
47106
24174
26138
51206
29646
08860
39716
09243
54189
52747
43883
01706
29746
41881
33789
49066
11672
18021
17673
35605
39815
26465
04233
27171
17775
14050
57944
34192
38606
48426
22901
39645
45951
56301
12879
32718
28162
47528
55922
26949
51731
40609
17274
01980
42171
54359
32750
11734
12660
50451
46818
44763
30856
59252
52338
49586
05586
50367
21199
13470
20640
34473
51208
36881
03014
47727
54618
03926
14972
54877
44072
45760
26057
34367
05045
54987
47701
52204
30808
08455
55972
19809
26536
35795
04562
52467
42267
19706
05360
12652
59176
42137
12022
52137
13183
30865
05200
48481
03872
38215
26854
47390
44856
01836
29189
28037
35065
33849
12796
23860
15224
44350
51607
48312
17980
13815
50557
15415
31843
43753
42848
04858
45965
10750
05519
19406
30031
04254
35262
09951
10478
50656
57199
03404
28408
36804
22898
56082
32527
08916
07719
27860
31491
18587
23525
57498
55091
17200
44207
40168
21455
57928
17598
33411
32265
02192
50775
17707
06144
56492
37659
36179
19006
50773
35498
57024
04563
27867
15634
24864
48678
51200
29619
13599
01150
45106
56299
08811
06547
47107
16967
38229
19900
31887
06746
34686
02849
53401
26676
02621
48762
29176
49891
16873
48298
43228
03685
51999
10809
31324
19331
12975
52049
15059
43732
55250
38351
36259
20257
59192
10928
39113
10460
47231
08686
34422
15288
10981
15435
17464
42268
35847
42068
16697
40417
11555
51542
17113
43102
05681
26679
36826
07744
44252
29553
39173
39753
45709
31315
23436
51497
18550
20793
34544
36282
51248
15810
12661
04127
48682
34655
35579
42317
06652
56765
13409
50798
57164
43125
30868
45493
57539
20924
29813
38420
34585
35211
27706
41318
34012
25398
00779
43060
37809
50648
43367
06258
09720
12509
49140
10489
14457
22493
08472
57663
24686
32290
48316
50352
16842
12278
17156
21994
09801
52257
05760
51564
22685
17790
31628
33181
18935
40440
25211
35917
38022
03061
34318
36794
54855
06178
35738
26673
12942
12388
45223
28965
19298
24731
00890
42721
47657
40174
46242
54459
58885
34893
51742
35357
25517
25485
33236
57828
45311
52233
15624
02033
18695
59395
26820
26319
17785
58123
26450
46667
13806
13863
49846
45198
28824
13637
33163
47049
19637
43373
32468
47462
44886
52768
59196
16455
45090
54346
09503
19234
42941
37629
00783
52735
49543
34980
38996
48029
19882
01110
50577
49193
27731
49890
57191
52533
16456
11126
14284
23892
06660
52309
24179
32120
01809
00681
27098
10563
28505
59181
32121
46605
32457
09794
25613
42730
42624
06134
00330
00303
09967
53235
56322
52660
56220
20881
45282
32517
22250
58125
17864
51156
03493
29695
28493
01078
36752
11900
33484
22537
50627
47548
47108
56631
05944
19735
21156
41798
44913
58597
59633
13921
38532
48727
28734
15590
57411
49940
23638
30231
34304
06848
39153
19819
54420
18307
01190
19915
22608
14464
19224
52390
16624
10384
04363
43600
41356
07888
04496
18204
26881
49418
54642
43266
31494
40747
54105
23623
37015
07900
28507
48590
58602
18287
42354
54141
37591
17138
00722
41475
54085
14746
48939
43297
12155
21928
24469
15960
27463
13796
14734
01243
32862
12106
14034
58498
23996
33728
14191
20303
11864
17919
32797
36186
50350
06442
21634
24522
39582
42150
21840
56589
08538
09167
29452
02118
01743
07451
06988
42938
27246
32814
44311
21848
39342
19791
38754
07557
54028
17303
55002
06910
07078
14503
42346
12875
09191
33131
25548
24764
44170
52153
15929
00886
17608
25190
26063
35901
06588
25905
33003
36723
39830
45121
17014
42696
53425
40524
40130
45746
40444
07554
36734
11514
12869
42170
34323
01873
20463
53899
41819
31661
10114
59909
15157
05439
42773
52312
16764
46148
32799
54979
35222
32111
24588
52301
39090
38460
36636
38033
10128
01495
19069
25498
06051
53739
13674
34897
08698
42734
07815
58356
25659
28402
56699
08453
01244
45923
14237
25443
51559
38054
46320
51984
50394
41876
34859
05976
49716
44358
12414
39367
43453
04701
54475
03993
28803
33591
32741
54286
06192
34836
46435
02909
21960
48814
24698
38061
46354
43910
50986
13287
17030
41639
47888
12603
08685
05773
31740
28335
10832
48882
19650
01965
29283
50177
59388
34991
32577
33685
05865
25349
51580
29239
19053
23329
25006
25341
00175
56870
24610
30998
10404
56257
57904
35891
49557
40734
58701
24209
44218
56390
24286
18058
14253
13421
43400
12691
45532
24628
12492
59651
21241
01994
02908
36463
38522
47620
55770
37088
00781
30353
06066
31671
25085
11262
35966
42779
49412
55107
31032
52559
34088
37235
10906
30848
53031
46261
06083
21882
39519
00957
10227
51214
26515
35896
20863
14013
53273
59647
32620
00243
39863
36189
47722
53707
24336
28666
50245
46443
29031
24400
56170
06428
23885
02294
47152
13721
24776
59734
51225
06840
50817
34920
31582
31502
18406
31155
21985
35521
14693
21020
03446
16494
59691
07221
13958
40705
31072
02801
27678
16619
03169
04144
29524
55877
30712
33870
41143
07177
52127
50320
43122
45846
45575
28105
15742
14406
34377
48329
19276
55292
05341
38914
27482
07845
47847
18082
53904
59845
35638
32230
38538
20340
38836
04903
48439
11593
56105
23459
03761
51493
18598
52187
48027
52967
11746
25362
36492
57736
09149
32720
41748
01982
24380
46330
51957
20643
16853
41520
28843
53985
19106
19436
19014
40361
46698
26404
53308
56747
19506
15772
28439
22155
10037
27437
23741
27555
17813
25380
41832
14929
28853
43343
09135
59361
26662
20842
47967
01369
16409
07245
40889
56836
38192
36483
48615
27800
56389
43604
31252
54101
37334
36610
16960
40715
37205
17846
20981
46518
27666
07772
16274
43961
29119
42657
04699
13426
35648
58943
49000
28624
49487
44477
52563
49779
26736
29369
48537
27120
22424
09558
15017
53736
33187
14092
33260
17114
20196
35531
32663
01821
23960
56388
56015
59378
39662
31183
33919
06889
07045
34093
43203
46535
46520
21912
32784
01861
55533
45707
17927
38339
18859
54993
51089
20126
14212
53983
30726
53339
57035
11509
33941
21010
52442
13342
09061
18493
38016
24835
08890
26940
08236
18671
26311
02532
14727
47206
50364
44475
47425
44275
14487
13453
38956
26288
54504
53885
02056
36439
16719
17767
18354
56118
44466
46432
45653
48040
19944
16818
35438
11750
18490
31143
55024
14689
47065
29900
23304
30307
25600
43296
11709
05455
32670
29960
20220
41519
35087
59895
25542
22895
26608
44632
10257
53737
17872
51538
35921
31109
18712
59580
02609
21871
51013
55205
08937
49435
10006
43199
15021
20554
18608
34230
30802
19994
51250
29296
58840
02456
13327
32803
20022
43435
34641
16803
21957
02887
35380
41557
07441
17373
56987
03656
23545
46423
54474
21402
50269
09963
46958
19145
02697
57970
30548
59934
40782
22120
30951
39504
09678
24665
11976
02034
13779
51842
20660
52006
08679
02191
51793
06951
33407
54426
40036
25071
58499
06842
15684
16431
55889
12872
12972
00235
15484
07594
05282
25616
11295
06863
42880
43559
42239
37755
04832
58436
44328
49307
22985
00398
13207
35383
53951
02912
36090
31458
40201
33579
50971
45535
58741
29558
34959
17067
51562
38114
40735
38757
22968
05974
53314
27918
17731
29841
35695
32640
24460
01431
54831
36803
26411
48379
33037
25838
35743
41360
36104
44343
15281
20844
03172
46586
47349
46725
09391
19341
45331
11152
37084
08080
04732
45729
53150
00583
28038
27153
41135
16829
45685
45623
18708
53761
13902
39954
30488
12675
59319
12674
43471
43697
41626
24163
14897
41301
46545
07442
09000
26913
25907
47005
38024
55172
49591
03091
52535
31371
33797
38845
16367
04971
05650
32965
16116
06798
43723
39169
06674
20820
00728
01896
18951
43876
57326
16328
48072
02994
50003
23715
16971
56305
35590
21892
03116
25924
37851
06792
23942
22006
28407
49897
39835
02425
52506
30358
54645
12852
14905
10263
05227
01040
04274
29572
03161
49298
19799
04671
16262
22423
31706
55230
52230
13294
03477
06291
04156
17254
35776
42314
59715
41331
34776
55666
45338
05044
03635
37445
11838
54112
16112
28998
13847
34503
52251
41805
34530
42969
53366
57320
55667
26148
08041
21143
57270
21880
19461
00439
45137
00826
51855
53767
06223
28438
56226
34165
34066
06323
41986
30190
43907
45910
40452
31951
46640
24186
25299
56468
29800
04197
49070
18581
35534
52936
44772
49142
08527
15822
01745
41166
21438
07008
02049
31347
28214
32005
49284
48529
48425
17434
41738
38052
11770
31783
46042
30474
54659
39609
51282
27055
49350
55421
21012
37932
05772
20294
28679
30033
34985
49082
22234
18248
26145
53196
08499
01172
46629
21194
07350
55146
34325
05738
18754
53094
17658
24639
36589
08181
59969
20466
51712
36806
48024
18045
30970
10538
23648
27469
56188
52623
56748
53121
46712
55987
47294
04150
20513
15500
55225
59643
55244
16232
24451
43041
52990
23009
14211
26901
21933
28540
20813
54349
40414
15519
48591
53615
15308
40312
50964
41131
50729
38305
29367
43325
37985
37581
15885
57338
09849
42324
12434
04888
25853
54713
55079
00304
42820
01700
08760
33214
24413
03816
16757
24912
46727
24784
17647
05160
47604
54603
16118
58048
37139
38219
01664
29389
29130
27075
31705
51263
39739
31035
41782
03079
20663
18037
13813
19868
11656
58966
27379
25440
56916
04007
14093
08771
01761
50836
41810
41049
56928
02136
54443
37171
19717
19515
42536
18983
21559
58503
10060
12524
31749
52888
10942
13104
00798
11744
26434
50601
13640
46582
59409
48963
38049
07739
44337
42895
15642
24598
51763
49947
34044
54122
02643
40195
26047
34797
57911
10689
43949
52135
49972
10388
12194
28187
45354
46595
37452
10739
27718
31952
23909
23747
47957
26398
52712
33207
42935
42011
26868
38816
51416
50730
05799
04923
43076
18526
58827
25523
47255
34648
45235
53803
12937
56074
38874
23243
02608
16827
02272
09618
03615
03139
39646
19753
23379
26142
23884
36514
33992
10682
51739
46467
46251
21625
35276
11990
42732
32962
13661
17193
28894
40661
34854
55168
46832
48116
38266
01876
50047
30916
03180
26496
28797
55844
22665
07229
09379
04588
07471
23292
03118
46555
13103
01321
37227
59588
05447
21366
48453
15247
34276
06930
17136
08950
21058
23096
34535
52308
33382
35821
23868
50001
18570
26599
26445
01728
28844
23216
53381
25592
50225
31556
44457
25434
44875
29332
47651
41689
07963
18871
06542
50233
06903
53916
11536
56722
44967
47900
54647
39349
18766
59904
47556
55086
26460
47688
32681
01213
23035
40806
47885
10607
41394
27049
27956
03088
48553
12396
47982
29085
34752
04332
39523
26427
49888
24747
43836
16672
33712
29321
53594
24238
27089
25873
47993
09623
12847
50575
30147
22166
21118
45853
03286
22475
06839
07266
19322
26595
14713
12642
38639
43595
41803
44555
14126
17377
34420
16786
19472
57133
48687
14956
27787
36156
49041
16870
03470
00136
59052
35186
46570
08626
45663
25583
23642
15494
02517
36239
15058
08895
09409
35485
37337
36133
25875
18255
25814
57615
18655
03146
50945
49144
15207
27490
33940
09874
45933
48660
39025
28583
35694
04329
58039
36284
56516
59311
59496
22891
31950
17047
55017
38154
00189
51706
57581
08858
00130
32542
06152
22564
14513
47544
27935
07003
08293
04616
32677
04737
02236
03437
06297
42832
59299
04894
04951
03248
05653
26902
42649
13608
35718
05343
21008
09873
32579
34058
05636
24828
18467
52773
46851
19159
02567
10717
21805
06941
02334
08534
38803
36891
35018
05941
07238
40533
09181
10317
40160
48199
30221
45469
43513
10537
19454
21038
03574
46684
14656
53129
05814
34997
58045
56006
11400
03522
20086
27184
43879
24574
10797
58711
29089
24821
59096
20438
09539
52925
51871
58816
23466
18812
08602
38207
02784
55954
47350
57083
46317
53651
08732
45546
19038
54371
50839
44298
06353
25680
58905
58950
02940
50833
23415
04172
30556
38319
24908
58131
39097
06431
38813
50005
39829
32908
33026
55010
42985
39245
48112
51097
14206
22143
52912
45414
50784
06865
14342
58811
47448
38486
59286
11413
20198
22953
23761
35397
53357
32522
10715
09756
33779
02025
26632
16444
59944
32921
11775
42083
28941
48432
29978
14314
40022
50211
39021
09526
17779
20588
27460
50343
33731
31561
26923
58493
37558
20183
59219
48763
58226
44430
53297
57646
05892
37106
32829
05825
19156
16785
54681
55858
56691
06454
50475
39103
26212
29280
38977
52715
58557
59923
46618
37820
52064
24104
48697
56137
12739
39658
04251
40668
05525
38805
34182
54140
19911
12758
40895
49110
27994
20377
11585
02335
48875
16876
17918
46091
40531
23665
37828
17739
23498
34090
37734
47584
25181
47706
48947
16468
15377
47772
05561
01854
38801
44989
36294
37918
10919
42575
57586
55092
26431
55410
31743
16470
56948
46621
38131
16406
47974
59227
56966
46421
14164
37361
05323
29115
04908
34915
21932
33890
09609
20700
53882
48532
12914
49261
50733
11630
32106
03397
06659
56780
24822
23501
12197
27736
10479
52947
10648
17184
33477
06004
57662
58035
56985
16490
13859
18691
32520
21579
32817
17891
56582
49710
39074
44315
37290
51348
45648
37418
52192
00814
09129
33603
20955
41576
56344
26332
36089
55630
27840
49766
36899
38680
26176
21104
53200
09231
08372
50084
06212
06684
42420
48865
16548
29832
37355
58303
14600
04081
11620
07145
14768
53575
01009
05475
38284
32911
16386
08864
01205
50062
32006
26230
51066
06812
36781
35435
32853
26211
14267
36592
55867
51441
39710
31382
44111
15029
28088
57141
01128
29475
51309
58995
33604
50576
10505
56391
09574
07147
40117
53646
00569
34700
05538
56395
55053
42946
32137
53604
52024
00808
19235
46574
26306
44360
52264
15615
34395
36276
13321
09906
04163
53662
20131
54863
35097
48189
48230
09374
52416
59043
32973
10745
14101